Mapname:
lvl11.txt
Polygons:
([(550, 1000), (1350, 1000), (1350, 150), (550, 150)],0)
([(750, 250), (800, 250), (800, 500), (750, 500)],0)
([(700, 450), (750, 450), (750, 700), (700, 700)],0)
([(800, 750), (900, 750), (900, 800), (800, 800)],0)
([(1100, 900), (1100, 650), (1150, 650), (1150, 900)],0)
([(1150, 700), (1150, 450), (1200, 450), (1200, 700)],0)
([(1000, 350), (1100, 350), (1100, 400), (1000, 400)],0)
([(750, 150), (800, 150), (800, 250), (750, 250)],1)
([(1100, 900), (1150, 900), (1150, 1000), (1100, 1000)],1)
([(700, 700), (750, 700), (750, 750), (700, 750)],1)
([(700, 750), (750, 750), (750, 800), (700, 800)],1)
([(750, 750), (800, 750), (800, 800), (750, 800)],1)
([(1100, 350), (1150, 350), (1150, 400), (1100, 400)],1)
([(1150, 350), (1200, 350), (1200, 400), (1150, 400)],1)
([(1150, 400), (1200, 400), (1200, 450), (1150, 450)],1)
Units:
((600, 250), 0, 0, 1)
((700, 850), 0, 2, 2)
((1150, 250), 90, 2, 2)
((850, 200), 90, 3, 2)
((1250, 950), 180, 3, 2)
((1300, 400), 180, 5, 2)
((900, 600), 0, 5, 2)
Nodespacing: 50