Mapname:
lvl17.txt
Polygons:
([(550, 1000), (1350, 1000), (1350, 150), (550, 150)],0)
([(800, 850), (800, 750), (850, 750), (850, 850)],0)
([(550, 650), (750, 650), (750, 700), (550, 700)],0)
([(750, 650), (800, 650), (800, 700), (750, 700)],1)
([(800, 650), (850, 650), (850, 700), (800, 700)],1)
([(800, 700), (850, 700), (850, 750), (800, 750)],1)
([(800, 150), (850, 150), (850, 400), (800, 400)],0)
([(700, 450), (750, 450), (750, 500), (700, 500)],0)
([(800, 400), (850, 400), (850, 450), (800, 450)],1)
([(800, 450), (850, 450), (850, 500), (800, 500)],1)
([(750, 450), (800, 450), (800, 500), (750, 500)],1)
([(1150, 450), (1350, 450), (1350, 500), (1150, 500)],0)
([(1050, 400), (1050, 300), (1100, 300), (1100, 400)],0)
([(1050, 400), (1100, 400), (1100, 450), (1050, 450)],1)
([(1050, 450), (1100, 450), (1100, 500), (1050, 500)],1)
([(1100, 450), (1150, 450), (1150, 500), (1100, 500)],1)
([(1050, 1000), (1050, 750), (1100, 750), (1100, 1000)],0)
([(1150, 650), (1200, 650), (1200, 700), (1150, 700)],0)
([(1050, 750), (1050, 700), (1100, 700), (1100, 750)],1)
([(1050, 700), (1050, 650), (1100, 650), (1100, 700)],1)
([(1100, 650), (1150, 650), (1150, 700), (1100, 700)],1)
Units:
((600, 850), 0, 0, 1)
((650, 250), 90, 6, 2)
((1300, 350), 180, 6, 2)
((600, 600), 0, 6, 2)
((900, 600), 0, 6, 2)
((1300, 650), 180, 6, 2)
((1300, 900), 180, 6, 2)
Nodespacing: 50