Mapname:
lvl15.txt
Polygons:
([(550, 1000), (1350, 1000), (1350, 150), (550, 150)],0)
([(800, 850), (800, 650), (850, 650), (850, 850)],0)
([(700, 650), (750, 650), (750, 700), (700, 700)],0)
([(650, 500), (650, 300), (700, 300), (700, 500)],0)
([(750, 300), (800, 300), (800, 350), (750, 350)],0)
([(1050, 500), (1050, 300), (1100, 300), (1100, 500)],0)
([(1150, 500), (1150, 450), (1200, 450), (1200, 500)],0)
([(1200, 650), (1250, 650), (1250, 850), (1200, 850)],0)
([(1100, 800), (1150, 800), (1150, 850), (1100, 850)],0)
([(700, 300), (750, 300), (750, 350), (700, 350)],1)
([(800, 300), (850, 300), (850, 350), (800, 350)],1)
([(1100, 450), (1150, 450), (1150, 500), (1100, 500)],1)
([(1200, 450), (1250, 450), (1250, 500), (1200, 500)],1)
([(650, 650), (700, 650), (700, 700), (650, 700)],1)
([(750, 650), (800, 650), (800, 700), (750, 700)],1)
([(1050, 800), (1100, 800), (1100, 850), (1050, 850)],1)
([(1150, 850), (1150, 800), (1200, 800), (1200, 850)],1)
Units:
((600, 900), 0, 0, 1)
((750, 400), 0, 7, 2)
((1300, 900), 270, 7, 2)
((1250, 250), 180, 7, 2)
Nodespacing: 50