Mapname:
lvl18.txt
Polygons:
([(550, 1000), (1350, 1000), (1350, 150), (550, 150)],0)
([(900, 150), (950, 150), (950, 250), (1000, 250), (1000, 450), (950, 450), (950, 300), (900, 300)],0)
([(1050, 450), (1200, 450), (1200, 500), (1050, 500)],0)
([(700, 450), (850, 450), (850, 500), (700, 500)],0)
([(950, 1000), (950, 900), (900, 900), (900, 700), (950, 700), (950, 850), (1000, 850), (1000, 1000)],0)
([(1050, 700), (1050, 650), (1200, 650), (1200, 700)],0)
([(700, 650), (850, 650), (850, 700), (700, 700)],0)
([(850, 450), (900, 450), (900, 500), (850, 500)],1)
([(900, 450), (950, 450), (950, 500), (900, 500)],1)
([(950, 450), (1000, 450), (1000, 500), (950, 500)],1)
([(1000, 450), (1050, 450), (1050, 500), (1000, 500)],1)
([(850, 650), (900, 650), (900, 700), (850, 700)],1)
([(900, 650), (950, 650), (950, 700), (900, 700)],1)
([(950, 650), (1000, 650), (1000, 700), (950, 700)],1)
([(1000, 650), (1050, 650), (1050, 700), (1000, 700)],1)
Units:
((650, 850), 0, 0, 1)
((700, 300), 90, 3, 2)
((1200, 900), 270, 3, 2)
((850, 350), 90, 5, 2)
((1050, 950), 270, 7, 2)
((1050, 250), 90, 7, 2)
((1000, 600), 180, 6, 2)
Nodespacing: 50