Mapname:
lvl12.txt
Polygons:
([(550, 1000), (1350, 1000), (1350, 150), (550, 150)],0)
([(700, 850), (700, 750), (750, 750), (750, 700), (800, 700), (800, 650), (850, 650), (850, 600), (900, 600), (900, 700), (850, 700), (850, 750), (800, 750), (800, 800), (750, 800), (750, 850)],0)
([(900, 650), (900, 600), (950, 600), (950, 650)],1)
([(900, 600), (900, 550), (950, 550), (950, 600)],1)
([(950, 600), (950, 550), (1000, 550), (1000, 600)],1)
([(950, 550), (950, 500), (1000, 500), (1000, 550)],1)
([(1000, 550), (1000, 450), (1050, 450), (1050, 400), (1100, 400), (1100, 350), (1150, 350), (1150, 300), (1200, 300), (1200, 400), (1150, 400), (1150, 450), (1100, 450), (1100, 500), (1050, 500), (1050, 550)],0)
([(700, 300), (800, 300), (800, 400), (700, 400)],2)
([(1100, 850), (1100, 750), (1200, 750), (1200, 850)],2)
Units:
((600, 500), 0, 0, 1)
((1100, 200), 90, 5, 2)
((850, 850), 270, 5, 2)
((1250, 900), 270, 6, 2)
((1250, 400), 180, 6, 2)
Nodespacing: 50