Mapname:
lvl10.txt
Polygons:
([(550, 950), (1350, 950), (1350, 200), (550, 200)],0)
([(1150, 800), (1250, 800), (1250, 850), (1150, 850)],0)
([(650, 300), (750, 300), (750, 350), (650, 350)],0)
([(950, 300), (1000, 300), (1000, 600), (950, 600)],0)
([(900, 550), (950, 550), (950, 850), (900, 850)],0)
([(750, 300), (800, 300), (800, 350), (750, 350)],1)
([(800, 300), (850, 300), (850, 350), (800, 350)],1)
([(850, 300), (900, 300), (900, 350), (850, 350)],1)
([(900, 300), (950, 300), (950, 350), (900, 350)],1)
([(950, 800), (1000, 800), (1000, 850), (950, 850)],1)
([(1000, 800), (1050, 800), (1050, 850), (1000, 850)],1)
([(1050, 800), (1100, 800), (1100, 850), (1050, 850)],1)
([(1100, 800), (1150, 800), (1150, 850), (1100, 850)],1)
Units:
((600, 600), 0, 0, 1)
((700, 250), 90, 2, 2)
((1200, 900), 270, 2, 2)
((1300, 600), 180, 1, 2)
Nodespacing: 50