Mapname:
lvl16.txt
Polygons:
([(550, 1000), (1350, 1000), (1350, 150), (550, 150)],0)
([(650, 300), (700, 300), (700, 750), (650, 750)],0)
([(750, 700), (800, 700), (800, 850), (750, 850)],0)
([(850, 800), (900, 800), (900, 850), (850, 850)],0)
([(950, 800), (1000, 800), (1000, 850), (950, 850)],0)
([(1200, 850), (1200, 400), (1250, 400), (1250, 850)],0)
([(1100, 300), (1150, 300), (1150, 450), (1100, 450)],0)
([(1000, 300), (1050, 300), (1050, 350), (1000, 350)],0)
([(900, 300), (950, 300), (950, 350), (900, 350)],0)
([(850, 300), (900, 300), (900, 350), (850, 350)],1)
([(950, 300), (1000, 300), (1000, 350), (950, 350)],1)
([(1050, 300), (1100, 300), (1100, 350), (1050, 350)],1)
([(1150, 400), (1200, 400), (1200, 450), (1150, 450)],1)
([(700, 700), (750, 700), (750, 750), (700, 750)],1)
([(800, 800), (850, 800), (850, 850), (800, 850)],1)
([(900, 800), (950, 800), (950, 850), (900, 850)],1)
Units:
((600, 900), 0, 0, 1)
((1300, 750), 180, 7, 2)
((900, 250), 90, 7, 2)
((1050, 550), 180, 7, 2)
((1300, 200), 90, 6, 2)
((850, 750), 270, 6, 2)
Nodespacing: 50