Mapname:
lvl13.txt
Polygons:
([(550, 1000), (1350, 1000), (1350, 150), (550, 150)],0)
([(700, 300), (800, 300), (800, 350), (700, 350)],0)
([(900, 300), (1000, 300), (1000, 350), (900, 350)],0)
([(1100, 300), (1200, 300), (1200, 350), (1100, 350)],0)
([(700, 800), (800, 800), (800, 850), (700, 850)],0)
([(900, 800), (1000, 800), (1000, 850), (900, 850)],0)
([(1100, 800), (1200, 800), (1200, 850), (1100, 850)],0)
([(800, 550), (900, 550), (900, 600), (800, 600)],0)
([(1000, 550), (1100, 550), (1100, 600), (1000, 600)],0)
([(800, 300), (900, 300), (900, 350), (800, 350)],1)
([(1000, 300), (1100, 300), (1100, 350), (1000, 350)],1)
([(700, 550), (800, 550), (800, 600), (700, 600)],1)
([(900, 550), (1000, 550), (1000, 600), (900, 600)],1)
([(1100, 550), (1200, 550), (1200, 600), (1100, 600)],1)
([(800, 800), (900, 800), (900, 850), (800, 850)],1)
([(1000, 800), (1100, 800), (1100, 850), (1000, 850)],1)
Units:
((600, 600), 0, 0, 1)
((900, 250), 90, 4, 2)
((1050, 700), 270, 4, 2)
((750, 900), 270, 4, 2)
((1250, 200), 90, 3, 2)
((1300, 600), 180, 3, 2)
((1300, 950), 270, 3, 2)
Nodespacing: 50