Mapname:
lvl14.txt
Polygons:
([(550, 1000), (1350, 1000), (1350, 150), (550, 150)],0)
([(1300, 300), (1350, 300), (1350, 350), (1300, 350)],0)
([(1200, 300), (1250, 300), (1250, 350), (1200, 350)],0)
([(1100, 300), (1150, 300), (1150, 350), (1100, 350)],0)
([(1000, 300), (1050, 300), (1050, 350), (1000, 350)],0)
([(950, 350), (750, 350), (750, 600), (850, 600), (850, 650), (700, 650), (700, 300), (950, 300)],0)
([(550, 800), (600, 800), (600, 850), (550, 850)],0)
([(650, 800), (700, 800), (700, 850), (650, 850)],0)
([(750, 800), (800, 800), (800, 850), (750, 850)],0)
([(850, 800), (900, 800), (900, 850), (850, 850)],0)
([(950, 800), (1150, 800), (1150, 550), (1050, 550), (1050, 500), (1200, 500), (1200, 850), (950, 850)],0)
([(1250, 300), (1300, 300), (1300, 350), (1250, 350)],1)
([(1150, 300), (1200, 300), (1200, 350), (1150, 350)],1)
([(600, 800), (650, 800), (650, 850), (600, 850)],1)
([(700, 800), (750, 800), (750, 850), (700, 850)],1)
([(950, 300), (1000, 300), (1000, 350), (950, 350)],2)
([(1050, 300), (1100, 300), (1100, 350), (1050, 350)],2)
([(800, 800), (850, 800), (850, 850), (800, 850)],2)
([(900, 800), (950, 800), (950, 850), (900, 850)],2)
([(1000, 500), (1050, 500), (1050, 550), (1000, 550)],0)
([(850, 600), (900, 600), (900, 650), (850, 650)],0)
Units:
((600, 900), 0, 0, 1)
((1250, 650), 180, 5, 2)
((650, 550), 0, 5, 2)
((1100, 200), 90, 5, 2)
((1250, 200), 90, 6, 2)
((1100, 700), 180, 6, 2)
((800, 450), 0, 6, 2)
Nodespacing: 50