Mapname:
lvl19.txt
Polygons:
([(550, 1000), (1350, 1000), (1350, 150), (550, 150)],0)
([(550, 800), (600, 800), (600, 850), (550, 850)],0)
([(700, 800), (800, 800), (800, 850), (700, 850)],0)
([(900, 800), (1000, 800), (1000, 850), (900, 850)],0)
([(1100, 800), (1200, 800), (1200, 850), (1100, 850)],0)
([(550, 300), (600, 300), (600, 350), (550, 350)],0)
([(700, 300), (800, 300), (800, 350), (700, 350)],0)
([(900, 300), (1000, 300), (1000, 350), (900, 350)],0)
([(1100, 300), (1200, 300), (1200, 350), (1100, 350)],0)
([(1200, 550), (1300, 550), (1300, 600), (1200, 600)],0)
([(1000, 550), (1100, 550), (1100, 600), (1000, 600)],0)
([(800, 550), (900, 550), (900, 600), (800, 600)],0)
([(600, 300), (700, 300), (700, 350), (600, 350)],1)
([(800, 300), (900, 300), (900, 350), (800, 350)],1)
([(1000, 300), (1100, 300), (1100, 350), (1000, 350)],1)
([(700, 550), (800, 550), (800, 600), (700, 600)],1)
([(900, 550), (1000, 550), (1000, 600), (900, 600)],1)
([(1100, 550), (1200, 550), (1200, 600), (1100, 600)],1)
([(1350, 550), (1350, 600), (1300, 600), (1300, 550)],1)
([(600, 800), (700, 800), (700, 850), (600, 850)],1)
([(800, 800), (900, 800), (900, 850), (800, 850)],1)
([(1000, 800), (1100, 800), (1100, 850), (1000, 850)],1)
Units:
((600, 900), 90, 0, 1)
((1200, 950), 270, 7, 2)
((1300, 750), 180, 7, 2)
((600, 600), 0, 7, 2)
((1050, 450), 90, 7, 2)
((1300, 450), 180, 7, 2)
((1200, 200), 90, 7, 2)
((900, 200), 90, 7, 2)
((600, 200), 90, 7, 2)
Nodespacing: 50
