Mapname:
lvl3.txt
Polygons:
([(550, 1000), (1350, 1000), (1350, 250), (550, 250)],0)
([(1150, 850), (1250, 850), (1250, 900), (1150, 900)],0)
([(650, 350), (750, 350), (750, 400), (650, 400)],0)
([(950, 350), (1000, 350), (1000, 650), (950, 650)],0)
([(900, 600), (950, 600), (950, 900), (900, 900)],0)
([(750, 350), (800, 350), (800, 400), (750, 400)],1)
([(800, 350), (850, 350), (850, 400), (800, 400)],1)
([(850, 350), (900, 350), (900, 400), (850, 400)],1)
([(900, 350), (950, 350), (950, 400), (900, 400)],1)
([(950, 850), (1000, 850), (1000, 900), (950, 900)],1)
([(1000, 850), (1050, 850), (1050, 900), (1000, 900)],1)
([(1050, 850), (1100, 850), (1100, 900), (1050, 900)],1)
([(1100, 850), (1150, 850), (1150, 900), (1100, 900)],1)
Units:
((600, 650), 0, 0, 1)
((700, 300), 90, 2, 2)
((1200, 950), 270, 2, 2)
((1300, 650), 180, 1, 2)
Nodespacing: 50
