Mapname:
lvl4.txt
Polygons:
([(550, 1000), (1350, 1000), (1350, 150), (550, 150)],0)
([(550, 700), (1000, 700), (1000, 750), (550, 750)],2)
([(800, 1000), (800, 800), (850, 800), (850, 1000)],2)
([(1050, 1000), (1050, 500), (1100, 500), (1100, 1000)],2)
([(1150, 700), (1350, 700), (1350, 750), (1150, 750)],2)
([(1350, 450), (900, 450), (900, 400), (1350, 400)],2)
([(850, 150), (850, 650), (800, 650), (800, 150)],2)
([(550, 400), (750, 400), (750, 450), (550, 450)],2)
([(1050, 150), (1100, 150), (1100, 350), (1050, 350)],2)
Units:
((650, 900), 270, 0, 1)
((900, 600), 0, 2, 2)
((1250, 250), 90, 2, 2)
((950, 250), 90, 1, 2)
((1250, 550), 180, 1, 2)
Nodespacing: 50