Mapname:
lvl5.txt
Polygons:
([(550, 1000), (1350, 1000), (1350, 150), (550, 150)],0)
([(700, 700), (750, 700), (750, 750), (700, 750)],0)
([(700, 750), (750, 750), (750, 800), (700, 800)],1)
([(650, 700), (700, 700), (700, 750), (650, 750)],1)
([(1150, 400), (1200, 400), (1200, 450), (1150, 450)],0)
([(1150, 350), (1200, 350), (1200, 400), (1150, 400)],1)
([(1200, 400), (1250, 400), (1250, 450), (1200, 450)],1)
Units:
((650, 800), 0, 0, 1)
((1250, 600), 180, 3, 2)
((1100, 200), 90, 3, 2)
Nodespacing: 50