Mapname:
lvl6.txt
Polygons:
([(550, 1000), (1350, 1000), (1350, 150), (550, 150)],0)
([(700, 300), (750, 300), (750, 350), (700, 350)],0)
([(800, 300), (850, 300), (850, 350), (800, 350)],0)
([(900, 300), (1200, 300), (1200, 350), (900, 350)],0)
([(1150, 800), (1200, 800), (1200, 850), (1150, 850)],0)
([(1050, 800), (1100, 800), (1100, 850), (1050, 850)],0)
([(1000, 800), (1000, 850), (700, 850), (700, 800)],0)
([(750, 300), (800, 300), (800, 350), (750, 350)],1)
([(850, 300), (900, 300), (900, 350), (850, 350)],1)
([(1000, 800), (1050, 800), (1050, 850), (1000, 850)],1)
([(1100, 800), (1150, 800), (1150, 850), (1100, 850)],1)
([(900, 350), (950, 350), (950, 600), (900, 600)],2)
([(950, 550), (1000, 550), (1000, 800), (950, 800)],2)
Units:
((600, 550), 0, 0, 1)
((1150, 400), 180, 2, 2)
((1150, 950), 270, 2, 2)
((1300, 850), 180, 3, 2)
((1300, 600), 180, 3, 2)
Nodespacing: 50