Mapname:
lvl7.txt
Polygons:
([(550, 1000), (1350, 1000), (1350, 150), (550, 150)],0)
([(550, 350), (650, 350), (650, 400), (550, 400)],0)
([(700, 350), (850, 350), (850, 400), (700, 400)],0)
([(1250, 450), (1350, 450), (1350, 500), (1250, 500)],0)
([(1050, 450), (1200, 450), (1200, 500), (1050, 500)],0)
([(550, 650), (650, 650), (650, 700), (550, 700)],0)
([(700, 650), (850, 650), (850, 700), (700, 700)],0)
([(1050, 750), (1200, 750), (1200, 800), (1050, 800)],0)
([(1250, 750), (1350, 750), (1350, 800), (1250, 800)],0)
([(650, 350), (700, 350), (700, 400), (650, 400)],1)
([(1200, 450), (1250, 450), (1250, 500), (1200, 500)],1)
([(650, 650), (700, 650), (700, 700), (650, 700)],1)
([(1200, 750), (1250, 750), (1250, 800), (1200, 800)],1)
Units:
((600, 900), 0, 0, 1)
((1300, 950), 270, 3, 2)
((600, 550), 0, 3, 2)
((1300, 300), 180, 3, 2)
((600, 250), 90, 3, 2)
Nodespacing: 50