Mapname:
lvl8.txt
Polygons:
([(550, 1000), (1350, 1000), (1350, 150), (550, 150)],0)
([(650, 300), (700, 300), (700, 450), (650, 450)],1)
([(700, 400), (750, 400), (750, 500), (700, 500)],1)
([(700, 500), (750, 500), (750, 650), (700, 650)],0)
([(700, 650), (750, 650), (750, 750), (700, 750)],1)
([(650, 700), (700, 700), (700, 850), (650, 850)],1)
([(850, 300), (900, 300), (900, 350), (850, 350)],1)
([(1000, 300), (1050, 300), (1050, 350), (1000, 350)],1)
([(1200, 300), (1250, 300), (1250, 450), (1200, 450)],1)
([(1150, 400), (1200, 400), (1200, 500), (1150, 500)],1)
([(1150, 650), (1200, 650), (1200, 750), (1150, 750)],1)
([(1200, 700), (1250, 700), (1250, 850), (1200, 850)],1)
([(850, 800), (900, 800), (900, 850), (850, 850)],1)
([(1000, 800), (1050, 800), (1050, 850), (1000, 850)],1)
([(900, 300), (1000, 300), (1000, 350), (900, 350)],0)
([(900, 800), (1000, 800), (1000, 850), (900, 850)],0)
([(1150, 500), (1200, 500), (1200, 650), (1150, 650)],0)
Units:
((600, 550), 0, 0, 1)
((1100, 800), 270, 4, 2)
((1100, 400), 90, 4, 2)
((1300, 600), 180, 4, 2)
((1300, 250), 180, 3, 2)
((1300, 900), 180, 3, 2)
Nodespacing: 50