Mapname:
lvl9.txt
Polygons:
([(550, 1000), (1350, 1000), (1350, 150), (550, 150)],0)
([(550, 550), (750, 550), (750, 600), (550, 600)],0)
([(1150, 550), (1350, 550), (1350, 600), (1150, 600)],0)
([(950, 550), (1000, 550), (1000, 650), (950, 650)],1)
([(950, 650), (1000, 650), (1000, 750), (950, 750)],1)
([(900, 500), (950, 500), (950, 600), (900, 600)],1)
([(900, 400), (950, 400), (950, 500), (900, 500)],1)
([(900, 350), (1000, 350), (1000, 400), (900, 400)],0)
([(900, 750), (1000, 750), (1000, 800), (900, 800)],0)
Units:
((650, 750), 0, 0, 1)
((1150, 950), 270, 2, 2)
((800, 250), 90, 2, 2)
((1050, 500), 90, 2, 2)
((1250, 400), 180, 2, 2)
((650, 350), 0, 4, 2)
((1300, 850), 180, 4, 2)
Nodespacing: 50